%YAML:1.0
CalibrationDate: "Thu Apr 26 11:04:41 2018\n"
Kinect2IrCameraParams: !!opencv-matrix
   rows: 3
   cols: 3
   dt: d
   data: [ 3.6592898559570312e+02, 3.6592898559570312e+02,
       2.5936410522460938e+02, 2.0770429992675781e+02,
       9.0457573533058167e-02, -2.7027788758277893e-01,
       9.5556132495403290e-02, 0., 0. ]
Kinect2ColorCameraParams: !!opencv-matrix
   rows: 6
   cols: 5
   dt: d
   data: [ 1.0813720703125000e+03, 1.0813720703125000e+03,
       9.5950000000000000e+02, 5.3950000000000000e+02, 863., 52.,
       5.7030329480767250e-04, 2.3055479687172920e-05,
       2.7322439564159140e-05, 4.9002561718225479e-04,
       7.1502098580822349e-04, -4.0266750147566199e-05,
       -1.4548419858328998e-04, 6.3962668180465698e-01,
       2.3906880524009466e-03, 1.5998420119285583e-01,
       -1.3821229458699236e-06, 9.0149941388517618e-04,
       5.8553641429170966e-04, 7.9117817222140729e-05,
       -1.4982630091253668e-04, -8.0414256444782950e-06,
       7.2433159220963717e-04, -2.9556620866060257e-03,
       6.3875430822372437e-01, 7.9076196998357773e-03, 0., 0., 0., 0. ]
